[floor] zero-information bank (6 members): gauged loopscore band [0.2589, 0.6801] (top = bank_prior_draw_303); per-cell skill denominator = bank_prior_draw_303

[table] 31 candidates, sorted by gauged loopscore. band top = 0.6801; skill 0 = bank_prior_draw_303
    candidate                   medE  neg  >5x   relL2   corr  hold1f   holdN      raw     kE     kg   GAUGED    +-   >band       R2   skill  rms/dx
    theta_true                0.0000    0    0   0.000  1.000  0.0047  0.0831   1.0000  1.000  1.000   1.0000 0.000  +0.320   1.0000   1.000  0.0000
    clean/T8/naive_box        0.0086    0    0   0.012  1.000  0.0069  0.0832   0.9993  1.038  1.015   0.9980 0.001  +0.318   0.9993   0.996  0.0120
    clean/T8/naive            0.0086    0    0   0.012  1.000  0.0069  0.0832   0.9993  1.038  1.015   0.9980 0.001  +0.318   0.9993   0.996  0.0120
    s555/T8/eiv_box40k        0.0408    0    0   0.247  0.839  0.0118  0.0856   0.9952  0.996  0.997   0.9955 0.000  +0.315   0.9989   0.996  0.0150
    s555/T8/eiv_box           0.0424    0    0   0.247  0.839  0.0118  0.0856   0.9950  0.996  0.997   0.9955 0.000  +0.315   0.9989   0.994  0.0154
    s90210/T8/eiv_box40k      0.0391    0    0   0.254  0.812  0.0097  0.0854   0.9943  1.090  1.038   0.9870 0.007  +0.307   0.9945   0.973  0.0330
    s90210/T8/eiv_box         0.0395    0    0   0.280  0.767  0.0097  0.0857   0.9943  1.088  1.037   0.9870 0.007  +0.307   0.9947   0.972  0.0326
    s777/T8/eiv_box           0.0320    0    0   0.266  0.787  0.0095  0.0822   0.9932  0.922  0.953   0.9865 0.007  +0.306   0.9941   0.982  0.0335
    s777/T8/eiv_box40k        0.0313    0    0   0.267  0.787  0.0095  0.0822   0.9932  0.915  0.949   0.9852 0.008  +0.305   0.9933   0.981  0.0355
    s90210/T8/eiv_box0.1_10   0.0485    0    1   0.719  0.510  0.0164  0.1043   0.9896  1.053  1.017   0.9834 0.006  +0.303   0.9946   0.965  0.0336
    s90210/T1/eiv_box         0.1412    0    0   0.417  0.554  0.0304  0.0876   0.9567  1.014  0.993   0.9459 0.011  +0.266   0.9917   0.963  0.0419
    s90210/T8/eiv_box0.05_20  0.0672    0    6   1.656  0.300  0.0315  0.1527   0.9470  0.997  0.983   0.9433 0.005  +0.263   0.9863   0.906  0.0536
    s555/T8/naive_box         0.4740    0    0   0.640  0.414  0.0381  0.0768   0.8854  1.139  1.018   0.9178 0.032  +0.238   0.9763   0.832  0.0712
    s777/T8/naive_box         0.4774    0    0   0.644  0.412  0.0388  0.0771   0.8824  1.070  0.988   0.9098 0.091  +0.230   0.9756   0.885  0.0718
    s90210/T8/naive_box       0.4682    0    0   0.647  0.411  0.0385  0.0770   0.8801  1.063  0.978   0.9077 0.029  +0.228   0.9741   0.879  0.0739
    s777/T8/naive             0.4774    3    0   0.662  0.404  0.0388  0.0771   0.8471  1.239  1.064   0.8945 0.070  +0.214   0.9356   0.554  0.1171
    s555/T8/naive             0.4741    5    0   0.652  0.411  0.0382  0.0768   0.8179  1.221  1.060   0.8308 0.270  +0.151   0.8741   0.661  0.1633
    s90210/T8/naive           0.4674    6    0   0.669  0.407  0.0385  0.0770   0.7821  1.113  0.993   0.8276 0.068  +0.148   0.9115   0.416  0.1364
    s555/T8/eiv_snr0          0.0632    3    1   0.990  0.364  0.0222  0.1162   0.7956  1.000  1.000   0.7956 0.440  +0.116   0.7948   0.413  0.2095
    s777/T8/eiv_snr0          0.0313    6    0   0.722  0.556  0.0189  0.0976   0.8857  1.356  1.177   0.7244 0.513  +0.044   0.6473  -0.588  0.2751
    bank_prior_draw_303       0.4822    0    0   0.556 -0.097  0.8427  0.8458   0.6270  1.094  0.935   0.6801 0.077  +0.000   0.6805   0.000  0.2628
    bank_blind_E130_g0.95     0.3180    0    0   0.381    nan  0.5053  0.5106   0.7599  1.309  1.319   0.6181 0.131  -0.062   0.7186  -0.141  0.2415
    null_med0_rand45          0.0000    0    0   0.381  0.455  0.3232  0.3315   0.6879  0.687  0.829   0.5856 0.223  -0.094   0.7707   0.452  0.2189
    bank_blind_E90_g1         0.4323    0    0   0.471    nan  0.3509  0.3573   0.5886  2.226  1.347   0.5813 0.134  -0.099   0.6300  -0.412  0.2732
    hiF/T8/eiv_box            0.9251    0    0   0.944  0.023  0.1562  0.1671  -0.3518  4.953  0.961   0.5485 0.000  -0.132   0.5711  -0.110  0.2885
    s90210/T8/eiv_snr0        0.0455    4    2   0.919  0.424  0.0208  0.1104   0.6132  0.994  1.084   0.5387 0.637  -0.141   0.4604  -2.956  0.3373
    bank_prior_draw_101       0.4324    0    0   0.529  0.007  0.4322  0.4389   0.6591  1.745  1.075   0.5075 0.192  -0.173   0.1935  -2.284  0.4111
    bank_blind_E40_g1         0.6887    0    0   0.742    nan  0.1867  0.1965  -0.1799  5.072  1.413   0.5045 0.161  -0.176   0.6158  -0.408  0.2799
    hiF/T8/naive              0.9899   19    0   0.975  0.095  0.1462  0.1578  -0.1843  3.320  0.449   0.3040 0.000  -0.376  -0.2504  -2.814  0.5161
    bank_blind_E320_g1        1.4907    0    7   1.431    nan  1.2469  1.2523   0.5524  2.226  2.226   0.2589 0.188  -0.421  -0.5386  -3.888  0.5422
    s90210/T1/naive           0.5574    8    0   0.688  0.395  0.0551  0.0858   0.2870  2.226  1.492   0.1297 0.301  -0.550  -0.3121  -4.211  0.5274

[2x2] constraint (box) x correction (EIV), mean +- range over the 3 measurement seeds
    cell                     medE       negE          holdout        gauged loop            skill
    naive         0.4730 [0.467,0.477]        4.7  0.0385 [0.038,0.039]   0.8510 [0.828,0.895]   0.544 [0.42,0.66]
    eiv_snr0      0.0467 [0.031,0.063]        4.3  0.0206 [0.019,0.022]   0.6862 [0.539,0.796]  -1.044 [-2.96,0.41]
    naive_box     0.4732 [0.468,0.477]        0.0  0.0385 [0.038,0.039]   0.9118 [0.908,0.918]   0.865 [0.83,0.88]
    eiv_box       0.0379 [0.032,0.042]        0.0  0.0103 [0.010,0.012]   0.9896 [0.986,0.995]   0.983 [0.97,0.99]

[predictors] Spearman over the 31 scored candidates
    statistic               vs raw loop    vs gauged        vs R2     vs skill
    med_E                        -0.761       -0.689       -0.683       -0.655
    p90_E                        -0.668       -0.675       -0.680       -0.688
    max_E                        -0.189       -0.287       -0.303       -0.347
    rel_l2                       -0.709       -0.714       -0.710       -0.726
    corr_E                       +0.880       +0.836       +0.820       +0.818
    rel_l2_gauge_opt             -0.606       -0.598       -0.604       -0.637
    med_E_after_rescale          -0.627       -0.644       -0.658       -0.699
    n_negE                       -0.369       -0.424       -0.447       -0.502
    n_gt5x                       -0.141       -0.184       -0.178       -0.222
    holdout_cleanF               -0.868       -0.848       -0.823       -0.795
    holdout_noisyF               -0.551       -0.589       -0.571       -0.567

[criteria] round 4's prescription, checked verbatim on the three seeds
    s90210/T8/naive_box      2/5 met  negE_0=PASS  gt5x_0=PASS  gauged_loop=FAIL  med_after_gauge=FAIL  holdout=FAIL
    s555/T8/naive_box        2/5 met  negE_0=PASS  gt5x_0=PASS  gauged_loop=FAIL  med_after_gauge=FAIL  holdout=FAIL
    s777/T8/naive_box        2/5 met  negE_0=PASS  gt5x_0=PASS  gauged_loop=FAIL  med_after_gauge=FAIL  holdout=FAIL
    s90210/T8/eiv_box        5/5 met  negE_0=PASS  gt5x_0=PASS  gauged_loop=PASS  med_after_gauge=PASS  holdout=PASS
    s555/T8/eiv_box          5/5 met  negE_0=PASS  gt5x_0=PASS  gauged_loop=PASS  med_after_gauge=PASS  holdout=PASS
    s777/T8/eiv_box          5/5 met  negE_0=PASS  gt5x_0=PASS  gauged_loop=PASS  med_after_gauge=PASS  holdout=PASS
